Please wait 2 seconds
Welcome to Team ACES's Prototype Program!
UNLV Fall 2018, Acute Cryotherapy Elbow Splint
For Quesitons/Fan Mail reply to figuer67@domain
Enter 1 to run program 1
Enter 2 to run program 2
Enter 1 to run program 1
Enter 2 to run program 2
Enter 1 to run program 1
Enter 2 to run program 2
Enter 1 to run program 1
Enter 2 to run program 2
Enter 1 to run program 1
Enter 2 to run program 2
Enter 1 to run program 1
Enter 2 to run program 2
Enter 1 to run program 1
Enter 2 to run program 2
Enter 1 to run program 1
Enter 2 to run program 2
Enter 1 to run program 1
Enter 2 to run program 2
value received: 1
You have seclted 1: Logging Sequence
4, 1.25, 1.25, 0.27, 12.39, nan,2.46,2.38
49
Enter 1 to run program 1
Enter 2 to run program 2
value received: 1
You have seclted 1: Logging Sequence
6, 1.25, 1.25, 0.27, 2.20, nan,2.69,2.59
49
Enter 1 to run program 1
Enter 2 to run program 2
value received: 2
you have selected 2
seniorDesignDemo
50
0
4
7
10
13
17
21
25
30
34
38
42
47
51
55
59
63
67
71
75
79
83
88
92
97
101
106
111
116
121
126
132
137
142
147
152
157
163
168
174
179
184
189
194
199
204
209
214
220
225
231
236
241
246
251
256
262
267
272
277
282
287
292
298
304
309
314
319
324
329
334
339
345
350
355
361
366
371
376
381
387
392
397
402
407
412
417
422
429
434
439
444
449
454
459
464
469
475
480
485
490
496
501
506
511
517
522
527
532
537
542
547
552
558
564
569
574
579
584
589
594
600
605
610
615
620
625
631
636
642
647
652
657
662
667
672
677
682
688
694
699
704
709
714
719
724
730
735
740
745
750
755
761
766
772
777
782
787
792
797
802
807
813
818
823
829
834
839
844
849
854
860
865
870
875
880
885
890
896
902
907
912
917
922
927
932
937
943
948
953
958
964
969
974
979
985
990
995
1000
1006
1012
1018
1024
1032
1038
1044
1050
1056
1062
1069
1075
1081
1087
1094
1100
1106
1113
1119
1125
1131
1137
1143
1149
1156
1163
1169
1175
1181
1187
1193
1200
1206
1212
1218
1224
1231
1237
1244
1250
1256
1262
1268
1274
1280
1287
1294
1300
1306
1312
1318
1325
1331
1337
1343
1349
1355
1362
1369
1375
1381
1387
1393
1399
1405
1412
1418
1424
1431
1437
1443
1449
1456
1462
1468
1474
1480
1486
1493
1500
1506
1512
1518
1524
1530
1536
1543
1549
1555
1562
1568
1574
1581
1587
1593
1599
1605
1611
1617
1624
1631
1637
1643
1649
1655
1661
1668
1674
1680
1686
1693
1699
1705
1712
1718
1724
1730
1736
1742
1748
1755
1762
1768
1774
1780
1786
1792
1799
1805
1811
1817
1823
1830
1837
1843
1849
1855
1861
1867
1873
1880
1886
1893
1899
1905
1911
1917
1924
1930
1936
1942
1948
1954
1961
1968
1974
1980
1986
1992
1998
2004
2011
2017
2023
2030
2036
2042
2048
2055
2061
2067
2073
2079
2085
2093
2099
2105
2111
2117
2123
2129
2136
2142
2148
2154
2161
2167
2173
2180
2186
2192
2198
2204
2210
2216
2223
2230
2236
2242
2248
2254
2260
2267
2273
2279
2285
2292
2298
2304
2311
2317
2323
2329
2335
2341
2347
2354
2361
2367
2373
2379
2385
2392
2398
2404
2410
2416
2422
2429
2436
2442
2448
2454
2460
2466
2472
2479
2485
2492
2498
2504
2510
2516
2523
2529
2535
2541
2547
2553
2560
2567
2573
2579
2585
2591
2597
2603
2610
2616
2622
2629
2635
2641
2648
2654
2660
2666
2672
2678
2684
2692
2698
2704
2710
2716
2722
2728
2735
2741
2747
2753
2760
2766
2772
2779
2785
2791
2797
2803
2809
2815
2822
2829
2835
2841
2847
2853
2859
2866
2872
2878
2884
2891
2897
2904
2910
2916
2922
2928
2934
2940
2947
2953
2960
2966
2972
2978
2984
2991
2997
3003
3009
3015
3021
3028
3035
3041
3047
3053
3059
3065
3071
3078
3084
3091
3097
3103
3109
3115
3122
3128
3134
3140
3146
3152
3160
3166
3172
3178
3184
3190
3196
3203
3209
3215
3221
3228
3234
3240
3247
3253
3259
3265
3271
3277
3283
3291
3297
3303
3309
3315
3321
3327
3334
3340
3346
3352
3359
3365
3371
3378
3384
3390
3396
3402
3408
3414
3421
3428
3434
3440
3446
3452
3459
3465
3471
3477
3483
3490
3496
3503
3509
3515
3521
3527
3533
3539
3546
3552
3559
3565
3571
3577
3583
3590
3596
3602
3608
3614
3620
3627
3634
3640
3646
3652
3658
3664
3670
3677
3683
3690
3696
3702
3708
3715
3721
3727
3733
3739
3745
3751
3759
3765
3771
3777
3783
3789
3795
3802
3808
3814
3820
3827
3833
3839
3846
3852
3858
3864
3870
3876
3882
3890
3896
3902
3908
3914
3920
3926
3933
3939
3945
3951
3958
3964
3971
3977
3983
3989
3995
4001
4007
4014
4020
4027
4033
4039
4045
4051
4058
4064
4070
4076
4082
4089
4095
4102
4108
4114
4120
4126
4132
4138
4145
4151
4158
4164
4170
4176
4182
4189
4195
4201
4207
4213
4219
4227
4233
4239
4245
4251
4257
4263
4270
4276
4282
4289
4295
4301
4307
4314
4320
4326
4332
4338
4344
4350
4358
4364
4370
4376
4382
4388
4394
4401
4407
4413
4419
4426
4432
4438
4445
4451
4457
4463
4469
4475
4482
4489
4495
4501
4507
4513
4519
4526
4532
4538
4544
4550
4557
4563
4570
4576
4582
4588
4594
4600
4606
4613
4619
4626
4632
4638
4644
4650
4657
4663
4669
4675
4681
4688
4694
4701
4707
4713
4719
4725
4731
4738
4744
4750
4757
4763
4769
4775
4782
4788
4794
4800
4806
4812
4818
4826
4832
4838
4844
4850
4856
4862
4869
4875
4881
4888
4894
4900
4906
4913
4919
4925
4931
4937
4943
4949
4957
4963
4969
4975
4981
4987
4994
5000
5006
5012
5018
5025
5031
5038
5044
5050
5056
5062
5068
5074
5081
5088
5094
5100
5106
5112
5118
5125
5131
5137
5143
5149
5156
5162
5169
5175
5181
5187
5193
5199
5205
5212
5218
5225
5231
5237
5243
5250
5256
5262
5268
5274
5280
5287
5294
5300
5306
5312
5318
5324
5330
5337
5343
5349
5356
5362
5368
5374
5381
5387
5393
5399
5405
5411
5417
5425
5431
5437
5443
5449
5455
5461
5468
5474
5480
5487
5493
5499
5506
5512
5518
5524
5530
5536
5542
5549
5556
5562
5568
5574
5580
5586
5593
5599
5605
5611
5617
5624
5630
5637
5643
5649
5655
5661
5667
5673
5680
5687
5693
5699
5705
5711
5717
5724
5730
5736
5742
5748
5755
5762
5768
5774
5780
5786
5792
5798
5805
5811
5817
5824
5830
5836
5842
5849
5855
5861
5867
5873
5879
5886
5893
5899
5905
5911
5917
5923
5929
5936
5942
5948
5955
5961
5967
5973
5980
5986
5992
5998
6004
6010
6016
6024
6030
6036
6042
6048
6054
6061
6067
6073
6079
6086
6092
6098
6105
6111
6117
6123
6129
6135
6141
6148
6155
6161
6167
6173
6179
6185
6192
6198
6204
6210
6216
6223
6229
6236
6242
6248
6254
6260
6266
6272
6279
6286
6292
6298
6304
6310
6317
6323
6329
6335
6341
6347
6354
6361
6367
6373
6379
6385
6391
6397
6404
6410
6416
6423
6429
6435
6441
6448
6454
6460
6466
6472
6478
6485
6492
6498
6504
6510
6516
6522
6528
6535
6541
6547
6554
6560
6566
6573
6579
6585
6591
6597
6603
6609
6616
6623
6629
6635
6641
6647
6653
6660
6666
6672
6678
6685
6691
6697
6704
6710
6716
6722
6728
6734
6740
6747
6754
6760
6766
6772
6778
6784
6791
6797
6803
6809
6815
6822
6829
6835
6841
6847
6853
6859
6865
6872
6878
6885
6891
6897
6903
6909
6916
6922
6928
6934
6940
6946
6953
6960
6966
6972
6978
6984
6990
6996
7003
7009
7015
7022
7028
7034
7040
7047
7053
7059
7065
7071
7077
7085
7091
7097
7103
7109
7115
7121
7128
7134
7140
7146
7153
7159
7165
7172
7178
7184
7190
7196
7202
7208
7215
7222
7228
7234
7240
7246
7252
7259
7265
7271
7277
7284
7290
7296
7303
7309
7315
7321
7327
7333
7339
7346
7353
7359
7365
7371
7377
7384
7390
7396
7402
7408
7414
7421
7428
7434
7440
7446
7452
7458
7464
7471
7477
7484
7490
7496
7502
7508
7515
7521
7527
7533
7539
7545
7552
7559
7565
7571
7577
7583
7589
7595
7602
7608
7614
7621
7627
7633
7640
7646
7652
7658
7664
7670
7676
7684
7690
7696
7702
7708
7714
7720
7727
7733
7739
7745
7752
7758
7764
7771
7777
7783
7789
7795
7801
7807
7814
7821
7827
7833
7839
7845
7851
7858
7864
7870
7876
7883
7889
7896
7902
7908
7914
7920
7926
7932
7939
7945
7952
7958
7964
7970
7976
7983
7989
7995
8001
8007
8013
8020
8027
8033
8039
8045
8051
8057
8063
8070
8076
8083
8089
8095
8101
8107
8114
8120
8126
8132
8138
8144
8152
8158
8164
8170
8176
8182
8188
8195
8201
8207
8213
8220
8226
8232
8239
8245
8251
8257
8263
8269
8275
8283
8289
8295
8301
8307
8313
8319
8326
8332
8338
8344
8351
8357
8363
8370
8376
8382
8388
8394
8400
8406
8413
8420
8426
8432
8438
8444
8451
8457
8463
8469
8475
8482
8488
8495
8501
8507
8513
8519
8525
8531
8538
8544
8551
8557
8563
8569
8575
8582
8588
8594
8600
8606
8612
8619
8626
8632
8638
8644
8650
8656
8662
8669
8675
8682
8688
8694
8700
8707
8713
8719
8725
8731
8737
8743
8751
8757
8763
8769
8775
8781
8787
8794
8800
8806
8812
8819
8825
8831
8838
8844
8850
8856
8862
8868
8874
8882
8888
8894
8900
8906
8912
8918
8925
8931
8937
8943
8950
8956
8963
8969
8975
8981
8987
8993
8999
9006
9012
9019
9025
9031
9037
9043
9050
9056
9062
9068
9074
9081
9087
9094
9100
9106
9112
9118
9124
9130
9137
9143
9150
9156
9162
9168
9174
9181
9187
9193
9199
9205
9211
9219
9225
9231
9237
9243
9249
9255
9262
9268
9274
9281
9287
9293
9299
9306
9312
9318
9324
9330
9336
9342
9350
9356
9362
9368
9374
9380
9386
9393
9399
9405
9411
9418
9424
9430
9437
9443
9449
9455
9461
9467
9474
9481
9487
9493
9499
9505
9511
9518
9524
9530
9536
9542
9549
9555
9562
9568
9574
9580
9586
9592
9598
9605
9611
9618
9624
9630
9636
9642
9649
9655
9661
9667
9673
9680
9686
9693
9699
9705
9711
9717
9723
9730
9736
9742
9749
9755
9761
9767
9774
9780
9786
9792
9798
9804
9810
9818
9824
9830
9836
9842
9848
9854
9861
9867
9873
9880
9886
9892
9898
9905
9911
9917
9923
9929
9935
9941
9949
9955
9961
9967
9973
9979
9986
9992
9998
10004
10012
10019
10026
10034
10041
10048
10056
10063
10070
10078
10085
10092
10099
10106
10114
10122
10129
10136
10143
10150
10158
10165
10172
10179
10186
10194
10202
10209
10216
10223
10230
10237
10245
10252
10260
10267
10274
10281
10289
10296
10303
10310
10317
10325
10333
10340
10347
10354
10361
10368
10376
10383
10391
10398
10405
10413
10420
10427
10434
10441
10448
10457
10464
10471
10478
10485
10492
10500
10507
10514
10522
10529
10536
10544
10551
10558
10565
10572
10579
10588
10595
10602
10609
10616
10623
10631
10638
10645
10652
10660
10667
10675
10682
10689
10696
10703
10710
10718
10726
10733
10740
10747
10755
10762
10769
10776
10783
10791
10799
10806
10813
10820
10827
10834
10842
10849
10857
10864
10871
10878
10886
10893
10900
10907
10914
10922
10930
10937
10944
10951
10958
10965
10973
10980
10988
10995
11002
11010
11017
11024
11031
11038
11045
11054
11061
11068
11075
11082
11089
11097
11104
11111
11118
11126
11133
11141
11148
11155
11162
11169
11176
11184
11192
11199
11206
11213
11220
11228
11235
11242
11249
11257
11264
11272
11279
11286
11293
11300
11307
11315
11323
11330
11337
11344
11352
11359
11366
11373
11380
11388
11396
11403
11410
11417
11424
11431
11439
11446
11454
11461
11468
11475
11483
11490
11497
11504
11511
11519
11527
11534
11541
11548
11555
11562
11570
11577
11584
11592
11599
11606
11614
11621
11628
11635
11642
11650
11658
11665
11672
11679
11686
11694
11701
11708
11715
11723
11730
11738
11745
11752
11759
11766
11773
11781
11789
11796
11803
11810
11817
11825
11832
11839
11846
11854
11861
11869
11876
11883
11890
11897
11904
11912
11920
11927
11934
11941
11949
11956
11963
11970
11977
11985
11993
12000
12007
12014
12021
12028
12036
12043
12050
12058
12065
12072
12080
12087
12094
12101
12108
12115
12124
12131
12138
12145
12152
12159
12167
12174
12181
12189
12196
12203
12211
12218
12225
12232
12239
12246
12255
12262
12269
12276
12283
12291
12298
12305
12312
12320
12327
12335
12342
12349
12356
12363
12370
12378
12386
12393
12400
12407
12414
12422
12429
12436
12443
12451
12458
12466
12473
12480
12487
12494
12501
12509
12516
12524
12531
12538
12546
12553
12560
12567
12574
12581
12590
12597
12604
12611
12618
12625
12633
12640
12647
12655
12662
12669
12677
12684
12691
12698
12705
12712
12721
12728
12735
12742
12749
12756
12764
12771
12778
12786
12793
12800
12808
12815
12822
12829
12836
12843
12852
12859
12866
12873
12880
12888
12895
12902
12909
12917
12924
12932
12939
12946
12953
12960
12967
12975
12982
12990
12997
13004
13011
13019
13026
13033
13040
13047
13055
13063
13070
13077
13084
13091
13098
13106
13113
13121
13128
13135
13142
13150
13157
13164
13171
13178
13187
13194
13201
13208
13215
13222
13230
13237
13244
13252
13259
13266
13274
13281
13288
13295
13302
13309
13318
13325
13332
13339
13346
13353
13361
13368
13375
13383
13390
13397
13405
13412
13419
13426
13433
13440
13448
13456
13463
13470
13477
13485
13492
13499
13506
13513
13521
13529
13536
13543
13550
13557
13564
13572
13579
13587
13594
13601
13608
13616
13623
13630
13637
13644
13652
13660
13667
13674
13681
13688
13695
13703
13710
13718
13725
13732
13739
13747
13754
13761
13768
13775
13784
13791
13798
13805
13812
13819
13827
13834
13841
13849
13856
13863
13871
13878
13885
13892
13899
13906
13914
13922
13929
13936
13943
13950
13958
13965
13972
13979
13987
13994
14002
14009
14016
14023
14030
14037
14045
14053
14060
14067
14074
14082
14089
14096
14103
14110
14118
14126
14133
14140
14147
14154
14161
14169
14176
14184
14191
14198
14205
14213
14220
14227
14234
14241
14249
14257
14264
14271
14278
14285
14292
14300
14307
14315
14322
14329
14336
14344
14351
14358
14365
14372
14379
14388
14395
14402
14409
14416
14424
14431
14438
14445
14453
14460
14468
14475
14482
14489
14496
14503
14511
14519
14526
14533
14540
14547
14555
14562
14569
14576
14584
14591
14599
14606
14613
14620
14627
14634
14642
14650
14657
14664
14671
14678
14686
14693
14700
14707
14715
14723
14730
14737
14744
14751
14758
14766
14773
14781
14788
14795
14802
14810
14817
14824
14831
14838
14845
14854
14861
14868
14875
14882
14889
14897
14904
14911
14919
14926
14933
14941
14948
14955
14962
14969
14976
14985
14992
14999
15006
15013
15021
15028
15035
15042
15050
15057
15065
15072
15079
15086
15093
15100
15108
15116
15123
15130
15137
15144
15152
15159
15166
15173
15181
15188
15196
15203
15210
15217
15224
15231
15239
15247
15254
15261
15268
15275
15283
15290
15297
15304
15311
15320
15327
15334
15341
15348
15355
15363
15370
15377
15385
15392
15399
15407
15414
15421
15428
15435
15442
15451
15458
15465
15472
15479
15486
15494
15501
15508
15516
15523
15530
15538
15545
15552
15559
15566
15573
15582
15589
15596
15603
15610
15618
15625
15632
15639
15647
15654
15662
15669
15676
15683
15690
15697
15705
15713
15720
15727
15734
15741
15749
15756
15763
15770
15777
15785
15793
15800
15807
15814
15821
15828
15836
15843
15851
15858
15865
15872
15880
15887
15894
15901
15908
15917
15924
15931
15938
15945
15952
15960
15967
15974
15982
15989
15996
16004
16011
16018
16025
16032
16039
16048
16055
16062
16069
16076
16083
16091
16098
16105
16113
16120
16127
16135
16142
16149
16156
16163
16170
16179
16186
16193
16200
16207
16214
16222
16229
16236
16243
16251
16259
16266
16273
16280
16287
16294
16302
16309
16317
16324
16331
16338
16346
16353
16360
16367
16374
16382
16390
16397
16404
16411
16418
16425
16433
16440
16448
16455
16462
16469
16477
16484
16491
16498
16505
16514
16521
16528
16535
16542
16549
16557
16564
16571
16579
16586
16593
16601
16608
16615
16622
16629
16636
16645
16652
16659
16666
16673
16680
16688
16695
16702
16709
16717
16724
16732
16739
16746
16753
16760
16767
16775
16783
16790
16797
16804
16811
16819
16826
16833
16840
16848
16856
16863
16870
16877
16884
16891
16899
16906
16914
16921
16928
16935
16943
16950
16957
16964
16971
16979
16987
16994
17001
17008
17015
17022
17030
17037
17045
17052
17059
17066
17074
17081
17088
17095
17102
17110
17118
17125
17132
17139
17146
17154
17161
17168
17175
17183
17190
17198
17205
17212
17219
17226
17233
17241
17249
17256
17263
17270
17277
17285
17292
17299
17306
17314
17321
17329
17336
17343
17350
17357
17364
17372
17380
17387
17394
17401
17408
17416
17423
17430
17437
17445
17453
17460
17467
17474
17481
17488
17496
17503
17511
17518
17525
17532
17540
17547
17554
17561
17568
17576
17584
17591
17598
17605
17612
17619
17627
17634
17641
17649
17656
17663
17671
17678
17685
17692
17699
17706
17715
17722
17729
17736
17743
17750
17758
17765
17772
17780
17787
17795
17802
17809
17816
17823
17830
17838
17846
17853
17860
17867
17874
17882
17889
17896
17903
17911
17918
17926
17933
17940
17947
17954
17961
17969
17977
17984
17991
17998
18005
18013
18020
18027
18034
18042
18050
18057
18064
18071
18078
18085
18093
18100
18107
18115
18122
18129
18137
18144
18151
18158
18165
18172
18181
18188
18195
18202
18209
18216
18224
18231
18238
18246
18253
18260
18268
18275
18282
18289
18296
18303
18312
18319
18326
18333
18340
18347
18355
18362
18369
18377
18384
18392
18399
18406
18413
18420
18427
18435
18443
18450
18457
18464
18471
18479
18486
18493
18500
18508
18515
18523
18530
18537
18544
18551
18558
18566
18573
18581
18588
18595
18602
18610
18617
18624
18631
18638
18646
18654
18661
18668
18675
18682
18690
18697
18704
18712
18719
18726
18734
18741
18748
18755
18762
18769
18778
18785
18792
18799
18806
18813
18821
18828
18835
18843
18850
18857
18865
18872
18879
18886
18893
18900
18909
18916
18923
18930
18937
18944
18952
18959
18966
18974
18981
18989
18996
19003
19010
19017
19024
19032
19039
19047
19054
19061
19068
19076
19083
19090
19097
19104
19112
19120
19127
19134
19141
19148
19155
19163
19170
19178
19185
19192
19199
19207
19214
19221
19228
19235
19243
19251
19258
19265
19272
19279
19286
19294
19301
19309
19316
19323
19331
19338
19345
19352
19359
19366
19375
19382
19389
19396
19403
19410
19418
19425
19432
19440
19447
19454
19462
19469
19476
19483
19490
19497
19505
19513
19520
19527
19534
19541
19549
19556
19563
19570
19578
19586
19593
19600
19607
19614
19621
19629
19636
19644
19651
19658
19665
19673
19680
19687
19694
19701
19709
19717
19724
19731
19738
19745
19752
19760
19767
19775
19782
19789
19796
19804
19811
19818
19825
19832
19840
19848
19855
19862
19869
19876
19883
19891
19898
19906
19913
19920
19928
19935
19942
19949
19956
19963
19971
19979
19986
19993
20000
20007
20015
20022
20029
20036
20044
20051
20059
20066
20073
20080
20087
20094
20102
20110
20117
20124
20131
20138
20146
20153
20160
20167
20175
20182
20190
20197
20204
20211
20218
20226
20233
20241
20248
20255
20262
20270
20277
20284
20291
20298
20306
20314
20321
20328
20335
20342
20349
20357
20364
20372
20379
20386
20393
20401
20408
20415
20422
20429
20436
20445
20452
20459
20466
20473
20480
20488
20495
20502
20510
20517
20525
20532
20539
20546
20553
20560
20568
20576
20583
20590
20597
20604
20612
20619
20626
20633
20641
20648
20656
20663
20670
20677
20684
20691
20699
20707
20714
20721
20728
20735
20743
20750
20757
20764
20772
20779
20787
20794
20801
20808
20815
20822
20830
20838
20845
20852
20859
20867
20874
20881
20888
20895
20902
20911
20918
20925
20932
20939
20946
20954
20961
20968
20976
20983
20990
20998
21005
21012
21019
21026
21033
21042
21049
21056
21063
21070
21077
21085
21092
21099
21107
21114
21122
21129
21136
21143
21150
21157
21165
21173
21180
21187
21194
21201
21209
21216
21223
21230
21238
21245
21253
21260
21267
21274
21281
21288
21296
21304
21311
21318
21325
21332
21340
21347
21354
21361
21368
21376
21384
21391
21398
21405
21412
21419
21427
21434
21442
21449
21456
21464
21471
21478
21485
21492
21499
21508
21515
21522
21529
21536
21543
21551
21558
21565
21573
21580
21587
21595
21602
21609
21616
21623
21630
21639
21646
21653
21660
21667
21674
21682
21689
21696
21704
21711
21718
21726
21733
21740
21747
21754
21762
21770
21777
21784
21791
21798
21806
21813
21820
21827
21834
21842
21850
21857
21864
21871
21878
21885
21893
21900
21908
21915
21922
21929
21937
21944
21951
21958
21965
21973
21981
21988
21995
22002
22009
22016
22024
22031
22039
22046
22053
22061
22068
22075
22082
22089
22096
22105
22112
22119
22126
22133
22140
22148
22155
22162
22170
22177
22184
22192
22199
22206
22213
22220
22227
22236
22243
22250
22257
22264
22271
22279
22286
22293
22300
22308
22315
22323
22330
22337
22344
22351
22358
22366
22374
22381
22388
22395
22403
22410
22417
22424
22431
22439
22447
22454
22461
22468
22475
22482
22490
22497
22505
22512
22519
22526
22534
22541
22548
22555
22562
22570
22578
22585
22592
22599
22606
22613
22621
22628
22636
22643
22650
22658
22665
22672
22679
22686
22693
22702
22709
22716
22723
22730
22737
22745
22752
22759
22766
22774
22781
22789
22796
22803
22810
22817
22824
22832
22840
22847
22854
22861
22868
22876
22883
22890
22897
22905
22912
22920
22927
22934
22941
22948
22955
22963
22971
22978
22985
22992
23000
23007
23014
23021
23028
23036
23044
23051
23058
23065
23072
23079
23087
23094
23102
23109
23116
23123
23131
23138
23145
23152
23159
23167
23175
23182
23189
23196
23203
23210
23218
23225
23232
23240
23247
23254
23262
23269
23276
23283
23290
23298
23306
23313
23320
23327
23334
23342
23349
23356
23363
23371
23378
23386
23393
23400
23407
23414
23421
23429
23437
23444
23451
23458
23465
23473
23480
23487
23494
23502
23509
23517
23524
23531
23538
23545
23552
23560
23568
23575
23582
23589
23597
23604
23611
23618
23625
23633
23641
23648
23655
23662
23669
23676
23684
23691
23698
23706
23713
23720
23728
23735
23742
23749
23756
23763
23772
23779
23786
23793
23800
23807
23815
23822
23829
23837
23844
23851
23859
23866
23873
23880
23887
23894
23903
23910
23917
23924
23931
23939
23946
23953
23960
23968
23975
23983
23990
23997
24004
24011
24018
24026
24034
24041
24048
24055
24062
24070
24077
24084
24091
24099
24106
24114
24121
24128
24135
24142
24149
24157
24164
24172
24179
24186
24194
24201
24208
24215
24222
24229
24238
24245
24252
24259
24266
24273
24281
24288
24295
24303
24310
24317
24325
24332
24339
24346
24353
24360
24369
24376
24383
24390
24397
24404
24412
24419
24426
24434
24441
24448
24456
24463
24470
24477
24484
24491
24500
24507
24514
24521
24528
24536
24543
24550
24557
24565
24572
24580
24587
24594
24601
24608
24615
24623
24630
24638
24645
24652
24659
24667
24674
24681
24688
24695
24703
24711
24718
24725
24732
24739
24746
24754
24761
24769
24776
24783
24790
24798
24805
24812
24819
24826
24835
24842
24849
24856
24863
24870
24878
24885
24892
24900
24907
24914
24922
24929
24936
24943
24950
24957
24966
24973
24980
24987
24994
25001
25009
25016
25023
25031
25038
25045
25053
25060
25067
25074
25081
25088
25096
25104
25111
25118
25125
25133
25140
25147
25154
25161
25169
25177
25184
25191
25198
25205
25212
25220
25227
25235
25242
25249
25256
25264
25271
25278
25285
25292
25300
25308
25315
25322
25329
25336
25343
25351
25358
25366
25373
25380
25387
25395
25402
25409
25416
25423
25432
25439
25446
25453
25460
25467
25475
25482
25489
25497
25504
25511
25519
25526
25533
25540
25547
25554
25562
25570
25577
25584
25591
25598
25606
25613
25620
25627
25635
25642
25650
25657
25664
25671
25678
25685
25693
25701
25708
25715
25722
25730
25737
25744
25751
25758
25766
25774
25781
25788
25795
25802
25809
25817
25824
25832
25839
25846
25853
25861
25868
25875
25882
25889
25897
25905
25912
25919
25926
25933
25940
25948
25955
25963
25970
25977
25984
25992
25999
26006
26013
26020
26027
26036
26043
26050
26057
26064
26072
26079
26086
26093
26101
26108
26116
26123
26130
26137
26144
26151
26159
26167
26174
26181
26188
26195
26203
26210
26217
26224
26232
26239
26247
26254
26261
26268
26275
26282
26290
26298
26305
26312
26319
26326
26334
26341
26348
26355
26363
26371
26378
26385
26392
26399
26406
26414
26421
26429
26436
26443
26450
26458
26465
26472
26479
26486
26493
26502
26509
26516
26523
26530
26537
26545
26552
26559
26567
26574
26581
26589
26596
26603
26610
26617
26624
26633
26640
26647
26654
26661
26669
26676
26683
26690
26698
26705
26713
26720
26727
26734
26741
26748
26756
26764
26771
26778
26785
26792
26800
26807
26814
26821
26829
26836
26844
26851
26858
26865
26872
26879
26887
26895
26902
26909
26916
26923
26931
26938
26945
26952
26959
26968
26975
26982
26989
26996
27003
27011
27018
27025
27033
27040
27047
27055
27062
27069
27076
27083
27090
27099
27106
27113
27120
27127
27134
27142
27149
27156
27164
27171
27178
27186
27193
27200
27207
27214
27221
27230
27237
27244
27251
27258
27266
27273
27280
27287
27295
27302
27310
27317
27324
27331
27338
27345
27353
27361
27368
27375
27382
27389
27397
27404
27411
27418
27425
27433
27441
27448
27455
27462
27469
27476
27484
27491
27499
27506
27513
27520
27528
27535
27542
27549
27556
27565
27572
27579
27586
27593
27600
27608
27615
27622
27630
27637
27644
27652
27659
27666
27673
27680
27687
27696
27703
27710
27717
27724
27731
27739
27746
27753
27761
27768
27775
27783
27790
27797
27804
27811
27818
27827
27834
27841
27848
27855
27862
27870
27877
27884
27891
27899
27907
27914
27921
27928
27935
27942
27950
27957
27965
27972
27979
27986
27994
28001
28008
28015
28022
28030
28038
28045
28052
28059
28066
28073
28081
28088
28096
28103
28110
28117
28125
28132
28139
28146
28153
28162
28169
28176
28183
28190
28197
28205
28212
28219
28227
28234
28241
28249
28256
28263
28270
28277
28284
28293
28300
28307
28314
28321
28328
28336
28343
28350
28357
28365
28372
28380
28387
28394
28401
28408
28415
28423
28431
28438
28445
28452
28459
28467
28474
28481
28488
28496
28504
28511
28518
28525
28532
28539
28547
28554
28562
28569
28576
28583
28591
28598
28605
28612
28619
28627
28635
28642
28649
28656
28663
28670
28678
28685
28693
28700
28707
28714
28722
28729
28736
28743
28750
28758
28766
28773
28780
28787
28794
28802
28809
28816
28823
28831
28838
28846
28853
28860
28867
28874
28881
28889
28897
28904
28911
28918
28925
28933
28940
28947
28954
28962
28969
28977
28984
28991
28998
29005
29012
29020
29028
29035
29042
29049
29056
29064
29071
29078
29085
29093
29101
29108
29115
29122
29129
29136
29144
29151
29159
29166
29173
29180
29188
29195
29202
29209
29216
29224
29232
29239
29246
29253
29260
29267
29275
29282
29289
29297
29304
29311
29319
29326
29333
29340
29347
29354
29363
29370
29377
29384
29391
29398
29406
29413
29420
29428
29435
29443
29450
29457
29464
29471
29478
29486
29494
29501
29508
29515
29522
29530
29537
29544
29551
29559
29566
29574
29581
29588
29595
29602
29609
29617
29625
29632
29639
29646
29653
29661
29668
29675
29682
29690
29698
29705
29712
29719
29726
29733
29741
29748
29755
29763
29770
29777
29785
29792
29799
29806
29813
29820
29829
29836
29843
29850
29857
29864
29872
29879
29886
29894
29901
29908
29916
29923
29930
29937
29944
29951
29960
29967
29974
29981
29988
29995
30003
30010
30017
30025
30032
30040
30047
30054
30061
30068
30075
30083
30091
30098
30105
30112
30119
30127
30134
30141
30148
30156
30163
30171
30178
30185
30192
30199
30206
30214
30221
30229
30236
30243
30250
30258
30265
30272
30279
30286
30294
30302
30309
30316
30323
30330
30338
30345
30352
30360
30367
30374
30382
30389
30396
30403
30410
30417
30426
30433
30440
30447
30454
30461
30469
30476
30483
30491
30498
30505
30513
30520
30527
30534
30541
30548
30557
30564
30571
30578
30585
30592
30600
30607
30614
30622
30629
30637
30644
30651
30658
30665
30672
30680
30687
30695
30702
30709
30716
30724
30731
30738
30745
30752
30760
30768
30775
30782
30789
30796
30803
30811
30818
30826
30833
30840
30847
30855
30862
30869
30876
30883
30891
30899
30906
30913
30920
30927
30934
30942
30949
30957
30964
30971
30979
30986
30993
31000
31007
31014
31023
31030
31037
31044
31051
31058
31066
31073
31080
31088
31095
31102
31110
31117
31124
31131
31138
31145
31153
31161
31168
31175
31182
31189
31197
31204
31211
31218
31226
31234
31241
31248
31255
31262
31269
31277
31284
31292
31299
31306
31313
31321
31328
31335
31342
31349
31357
31365
31372
31379
31386
31393
31400
31408
31415
31423
31430
31437
31444
31452
31459
31466
31473
31480
31488
31496
31503
31510
31517
31524
31531
31539
31546
31554
31561
31568
31576
31583
31590
31597
31604
31611
31619
31627
31634
31641
31648
31655
31663
31670
31677
31684
31692
31699
31707
31714
31721
31728
31735
31742
31750
31758
31765
31772
31779
31786
31794
31801
31808
31815
31823
31830
31838
31845
31852
31859
31866
31874
31881
31889
31896
31903
31910
31918
31925
31932
31939
31946
31954
31962
31969
31976
31983
31990
31997
32005
32012
32020
32027
32034
32041
32049
32056
32063
32070
32077
32084
32093
32100
32107
32114
32121
32128
32136
32143
32150
32158
32165
32173
32180
32187
32194
32201
32208
32216
32224
32231
32238
32245
32252
32260
32267
32274
32281
32289
32296
32304
32311
32318
32325
32332
32339
32347
32355
32362
32369
32376
32383
32391
32398
32405
32412
32420
32427
32435
32442
32449
32456
32463
32470
32478
32486
32493
32500
32507
32515
32522
32529
32536
32543
32550
32559
32566
32573
32580
32587
32594
32602
32609
32616
32624
32631
32638
32646
32653
32660
32667
32674
32681
32690
32697
32704
32711
32718
32725
32733
32740
32747
32755
32762
32770
32777
32784
32791
32798
32805
32813
32821
32828
32835
32842
32849
32857
32864
32871
32878
32886
32893
32901
32908
32915
32922
32929
32936
32944
32952
32959
32966
32973
32980
32988
32995
33002
33009
33016
33024
33032
33039
33046
33053
33060
33067
33075
33082
33090
33097
33104
33112
33119
33126
33133
33140
33147
33156
33163
33170
33177
33184
33191
33199
33206
33213
33221
33228
33235
33243
33250
33257
33264
33271
33278
33287
33294
33301
33308
33315
33322
33330
33337
33344
33352
33359
33366
33374
33381
33388
33395
33402
33410
33418
33425
33432
33439
33446
33454
33461
33468
33475
33482
33490
33498
33505
33512
33519
33526
33533
33541
33548
33556
33563
33570
33577
33585
33592
33599
33606
33613
33621
33629
33636
33643
33650
33657
33664
33672
33679
33687
33694
33701
33709
33716
33723
33730
33737
33744
33753
33760
33767
33774
33781
33788
33796
33803
33810
33818
33825
33832
33840
33847
33854
33861
33868
33875
33884
33891
33898
33905
33912
33919
33927
33934
33941
33948
33956
33963
33971
33978
33985
33992
33999
34006
34014
34022
34029
34036
34043
34051
34058
34065
34072
34079
34087
34095
34102
34109
34116
34123
34130
34138
34145
34153
34160
34167
34174
34182
34189
34196
34203
34210
34218
34226
34233
34240
34247
34254
34261
34269
34276
34284
34291
34298
34306
34313
34320
34327
34334
34341
34350
34357
34364
34371
34378
34385
34393
34400
34407
34414
34422
34429
34437
34444
34451
34458
34465
34472
34480
34488
34495
34502
34509
34516
34524
34531
34538
34545
34553
34560
34568
34575
34582
34589
34596
34603
34611
34619
34626
34633
34640
34648
34655
34662
34669
34676
34684
34692
34699
34706
34713
34720
34727
34735
34742
34750
34757
34764
34771
34779
34786
34793
34800
34807
34815
34823
34830
34837
34844
34851
34858
34866
34873
34880
34888
34895
34902
34910
34917
34924
34931
34938
34946
34954
34961
34968
34975
34982
34990
34997
35004
35011
35019
35026
35034
35041
35048
35055
35062
35069
35077
35085
35092
35099
35106
35113
35121
35128
35135
35142
35150
35157
35165
35172
35179
35186
35193
35200
35208
35216
35223
35230
35237
35245
35252
35259
35266
35273
35281
35289
35296
35303
35310
35317
35324
35332
35339
35346
35354
35361
35368
35376
35383
35390
35397
35404
35411
35420
35427
35434
35441
35448
35455
35463
35470
35477
35485
35492
35499
35507
35514
35521
35528
35535
35542
35551
35558
35565
35572
35579
35587
35594
35601
35608
35616
35623
35631
35638
35645
35652
35659
35666
35674
35682
35689
35696
35703
35710
35718
35725
35732
35739
35747
35754
35762
35769
35776
35783
35790
35797
35805
35812
35820
35827
35834
35842
35849
35856
35863
35870
35877
35886
35893
35900
35907
35914
35921
35929
35936
35943
35951
35958
35965
35973
35980
35987
35994
36001
36008
36017
36024
36031
36038
36045
36052
36060
36067
36074
36082
36089
36096
36104
36111
36118
36125
36132
36139
36148
36155
36162
36169
36176
36184
36191
36198
36205
36213
36220
36228
36235
36242
36249
36256
36263
36271
36278
36286
36293
36300
36307
36315
36322
36329
36336
36343
36351
36359
36366
36373
36380
36387
36394
36402
36409
36417
36424
36431
36438
36446
36453
36460
36467
36474
36483
36490
36497
36504
36511
36518
36526
36533
36540
36548
36555
36562
36570
36577
36584
36591
36598
36605
36614
36621
36628
36635
36642
36649
36657
36664
36671
36679
36686
36693
36701
36708
36715
36722
36729
36736
36744
36752
36759
36766
36773
36781
36788
36795
36802
36809
36817
36825
36832
36839
36846
36853
36860
36868
36875
36883
36890
36897
36904
36912
36919
36926
36933
36940
36948
36956
36963
36970
36977
36984
36991
36999
37006
37014
37021
37028
37035
37043
37050
37057
37064
37071
37080
37087
37094
37101
37108
37115
37123
37130
37137
37145
37152
37159
37167
37174
37181
37188
37195
37202
37210
37218
37225
37232
37239
37246
37254
37261
37268
37275
37283
37290
37298
37305
37312
37319
37326
37333
37341
37349
37356
37363
37370
37378
37385
37392
37399
37406
37414
37422
37429
37436
37443
37450
37457
37465
37472
37480
37487
37494
37501
37509
37516
37523
37530
37537
37545
37553
37560
37567
37574
37581
37588
37596
37603
37611
37618
37625
37632
37640
37647
37654
37661
37668
37675
37684
37691
37698
37705
37712
37720
37727
37734
37741
37749
37756
37764
37771
37778
37785
37792
37799
37807
37815
37822
37829
37836
37843
37851
37858
37865
37872
37880
37887
37895
37902
37909
37916
37923
37930
37938
37946
37953
37960
37967
37974
37982
37989
37996
38003
38011
38019
38026
38033
38040
38047
38054
38062
38069
38077
38084
38091
38098
38106
38113
38120
38127
38134
38141
38150
38157
38164
38171
38178
38185
38193
38200
38207
38215
38222
38229
38237
38244
38251
38258
38265
38272
38281
38288
38295
38302
38309
38317
38324
38331
38338
38346
38353
38361
38368
38375
38382
38389
38396
38404
38412
38419
38426
38433
38440
38448
38455
38462
38469
38477
38484
38492
38499
38506
38513
38520
38527
38535
38543
38550
38557
38564
38571
38579
38586
38593
38600
38607
38616
38623
38630
38637
38644
38651
38659
38666
38673
38681
38688
38695
38703
38710
38717
38724
38731
38738
38747
38754
38761
38768
38775
38782
38790
38797
38804
38812
38819
38826
38834
38841
38848
38855
38862
38869
38878
38885
38892
38899
38906
38914
38921
38928
38935
38943
38950
38958
38965
38972
38979
38986
38993
39001
39009
39016
39023
39030
39037
39045
39052
39059
39066
39073
39081
39089
39096
39103
39110
39117
39124
39132
39139
39147
39154
39161
39168
39176
39183
39190
39197
39204
39213
39220
39227
39234
39241
39248
39256
39263
39270
39278
39285
39292
39300
39307
39314
39321
39328
39335
39344
39351
39358
39365
39372
39379
39387
39394
39401
39409
39416
39423
39431
39438
39445
39452
39459
39466
39475
39482
39489
39496
39503
39510
39518
39525
39532
39539
39547
39555
39562
39569
39576
39583
39590
39598
39605
39613
39620
39627
39634
39642
39649
39656
39663
39670
39678
39686
39693
39700
39707
39714
39721
39729
39736
39744
39751
39758
39765
39773
39780
39787
39794
39801
39810
39817
39824
39831
39838
39845
39853
39860
39867
39875
39882
39889
39897
39904
39911
39918
39925
39932
39941
39948
39955
39962
39969
39976
39984
39991
39998
40005
40013
40020
40028
40035
40042
40049
40056
40063
40071
40079
40086
40093
40100
40107
40115
40122
40129
40136
40144
40152
40159
40166
40173
40180
40187
40195
40202
40210
40217
40224
40231
40239
40246
40253
40260
40267
40275
40283
40290
40297
40304
40311
40318
40326
40333
40341
40348
40355
40362
40370
40377
40384
40391
40398
40406
40414
40421
40428
40435
40442
40450
40457
40464
40471
40479
40486
40494
40501
40508
40515
40522
40529
40537
40545
40552
40559
40566
40573
40581
40588
40595
40602
40610
40617
40625
40632
40639
40646
40653
40660
40668
40676
40683
40690
40697
40704
40712
40719
40726
40733
40741
40749
40756
40763
40770
40777
40784
40792
40799
40807
40814
40821
40828
40836
40843
40850
40857
40864
40872
40880
40887
40894
40901
40908
40915
40923
40930
40937
40945
40952
40959
40967
40974
40981
40988
40995
41002
41011
41018
41025
41032
41039
41046
41054
41061
41068
41076
41083
41091
41098
41105
41112
41119
41126
41134
41142
41149
41156
41163
41170
41178
41185
41192
41199
41207
41214
41222
41229
41236
41243
41250
41257
41265
41273
41280
41287
41294
41301
41309
41316
41323
41330
41338
41346
41353
41360
41367
41374
41381
41389
41396
41403
41411
41418
41425
41433
41440
41447
41454
41461
41468
41477
41484
41491
41498
41505
41512
41520
41527
41534
41542
41549
41556
41564
41571
41578
41585
41592
41599
41608
41615
41622
41629
41636
41643
41651
41658
41665
41673
41680
41688
41695
41702
41709
41716
41723
41731
41739
41746
41753
41760
41767
41775
41782
41789
41796
41804
41811
41819
41826
41833
41840
41847
41854
41862
41869
41877
41884
41891
41898
41906
41913
41920
41927
41934
41942
41950
41957
41964
41971
41978
41986
41993
42000
42008
42015
42022
42030
42037
42044
42051
42058
42065
42074
42081
42088
42095
42102
42109
42117
42124
42131
42139
42146
42153
42161
42168
42175
42182
42189
42196
42205
42212
42219
42226
42233
42240
42248
42255
42262
42270
42277
42285
42292
42299
42306
42313
42320
42328
42335
42343
42350
42357
42364
42372
42379
42386
42393
42400
42408
42416
42423
42430
42437
42444
42451
42459
42466
42474
42481
42488
42495
42503
42510
42517
42524
42531
42539
42547
42554
42561
42568
42575
42582
42590
42597
42605
42612
42619
42627
42634
42641
42648
42655
42662
42671
42678
42685
42692
42699
42706
42714
42721
42728
42736
42743
42750
42758
42765
42772
42779
42786
42793
42801
42809
42816
42823
42830
42837
42845
42852
42859
42866
42874
42882
42889
42896
42903
42910
42917
42925
42932
42940
42947
42954
42961
42969
42976
42983
42990
42997
43005
43013
43020
43027
43034
43041
43048
43056
43063
43071
43078
43085
43092
43100
43107
43114
43121
43128
43136
43144
43151
43158
43165
43172
43179
43187
43194
43202
43209
43216
43224
43231
43238
43245
43252
43259
43267
43275
43282
43289
43296
43303
43311
43318
43325
43332
43340
43347
43355
43362
43369
43376
43383
43390
43398
43406
43413
43420
43427
43434
43442
43449
43456
43463
43471
43478
43486
43493
43500
43507
43514
43522
43529
43537
43544
43551
43558
43566
43573
43580
43587
43594
43602
43610
43617
43624
43631
43638
43645
43653
43660
43668
43675
43682
43689
43697
43704
43711
43718
43725
43732
43741
43748
43755
43762
43769
43776
43784
43791
43798
43806
43813
43821
43828
43835
43842
43849
43856
43864
43872
43879
43886
43893
43900
43908
43915
43922
43929
43937
43944
43952
43959
43966
43973
43980
43987
43995
44003
44010
44017
44024
44031
44039
44046
44053
44060
44068
44075
44083
44090
44097
44104
44111
44118
44126
44134
44141
44148
44155
44163
44170
44177
44184
44191
44198
44207
44214
44221
44228
44235
44242
44250
44257
44264
44272
44279
44286
44294
44301
44308
44315
44322
44329
44338
44345
44352
44359
44366
44373
44381
44388
44395
44403
44410
44418
44425
44432
44439
44446
44453
44461
44469
44476
44483
44490
44497
44505
44512
44519
44526
44534
44541
44549
44556
44563
44570
44577
44584
44592
44600
44607
44614
44621
44628
44636
44643
44650
44657
44664
44672
44680
44687
44694
44701
44708
44715
44723
44730
44738
44745
44752
44760
44767
44774
44781
44788
44795
44804
44811
44818
44825
44832
44839
44847
44854
44861
44869
44876
44883
44891
44898
44905
44912
44919
44926
44935
44942
44949
44956
44963
44970
44978
44985
44992
45000
45007
45014
45022
45029
45036
45043
45050
45058
45066
45073
45080
45087
45094
45102
45109
45116
45123
45130
45138
45146
45153
45160
45167
45174
45181
45189
45196
45204
45211
45218
45225
45233
45240
45247
45254
45261
45269
45277
45284
45291
45298
45305
45312
45320
45327
45335
45342
45349
45357
45364
45371
45378
45385
45392
45401
45408
45415
45422
45429
45436
45444
45451
45458
45466
45473
45480
45488
45495
45502
45509
45516
45523
45532
45539
45546
45553
45560
45567
45575
45582
45589
45596
45604
45611
45619
45626
45633
45640
45647
45654
45662
45670
45677
45684
45691
45699
45706
45713
45720
45727
45735
45743
45750
45757
45764
45771
45778
45786
45793
45801
45808
45815
45822
45830
45837
45844
45851
45858
45866
45874
45881
45888
45895
45902
45909
45917
45924
45932
45939
45946
45954
45961
45968
45975
45982
45989
45998
46005
46012
46019
46026
46033
46041
46048
46055
46062
46070
46077
46085
46092
46099
46106
46113
46120
46128
46136
46143
46150
46157
46164
46172
46179
46186
46193
46201
46208
46216
46223
46230
46237
46244
46251
46259
46267
46274
46281
46288
46296
46303
46310
46317
46324
46332
46340
46347
46354
46361
46368
46375
46383
46390
46398
46405
46412
46419
46427
46434
46441
46448
46455
46463
46471
46478
46485
46492
46499
46506
46514
46521
46528
46536
46543
46550
46558
46565
46572
46579
46586
46594
46602
46609
46616
46623
46630
46638
46645
46652
46659
46667
46674
46682
46689
46696
46703
46710
46717
46725
46733
46740
46747
46754
46761
46769
46776
46783
46790
46798
46805
46813
46820
46827
46834
46841
46848
46856
46864
46871
46878
46885
46893
46900
46907
46914
46921
46929
46937
46944
46951
46958
46965
46972
46980
46987
46994
47002
47009
47016
47024
47031
47038
47045
47052
47059
47068
47075
47082
47089
47096
47103
47111
47118
47125
47133
47140
47147
47155
47162
47169
47176
47183
47190
47199
47206
47213
47220
47227
47235
47242
47249
47256
47264
47271
47279
47286
47293
47300
47307
47314
47322
47330
47337
47344
47351
47358
47366
47373
47380
47387
47395
47402
47410
47417
47424
47431
47438
47445
47453
47460
47468
47475
47482
47490
47497
47504
47511
47518
47525
47534
47541
47548
47555
47562
47569
47577
47584
47591
47599
47606
47613
47621
47628
47635
47642
47649
47656
47665
47672
47679
47686
47693
47700
47708
47715
47722
47730
47737
47744
47752
47759
47766
47773
47780
47787
47796
47803
47810
47817
47824
47832
47839
47846
47853
47861
47868
47876
47883
47890
47897
47904
47911
47919
47926
47934
47941
47948
47955
47963
47970
47977
47984
47991
47999
48007
48014
48021
48028
48035
48042
48050
48057
48065
48072
48079
48086
48094
48101
48108
48115
48122
48131
48138
48145
48152
48159
48166
48174
48181
48188
48196
48203
48210
48218
48225
48232
48239
48246
48253
48262
48269
48276
48283
48290
48297
48305
48312
48319
48327
48334
48341
48349
48356
48363
48370
48377
48384
48392
48400
48407
48414
48421
48429
48436
48443
48450
48457
48465
48473
48480
48487
48494
48501
48508
48516
48523
48531
48538
48545
48552
48560
48567
48574
48581
48588
48596
48604
48611
48618
48625
48632
48639
48647
48654
48662
48669
48676
48683
48691
48698
48705
48712
48719
48728
48735
48742
48749
48756
48763
48771
48778
48785
48793
48800
48807
48815
48822
48829
48836
48843
48850
48858
48866
48873
48880
48887
48894
48902
48909
48916
48923
48931
48938
48946
48953
48960
48967
48974
48981
48989
48997
49004
49011
49018
49026
49033
49040
49047
49054
49062
49070
49077
49084
49091
49098
49105
49113
49120
49128
49135
49142
49149
49157
49164
49171
49178
49185
49193
49201
49208
49215
49222
49229
49236
49244
49251
49259
49266
49273
49280
49288
49295
49302
49309
49316
49323
49332
49339
49346
49353
49360
49368
49375
49382
49389
49397
49404
49412
49419
49426
49433
49440
49447
49455
49463
49470
49477
49484
49491
49499
49506
49513
49520
49528
49535
49543
49550
49557
49564
49571
49578
49586
49594
49601
49608
49615
49622
49630
49637
49644
49651
49659
49667
49674
49681
49688
49695
49702
49710
49717
49725
49732
49739
49746
49754
49761
49768
49775
49782
49789
49798
49805
49812
49819
49826
49833
49841
49848
49855
49863
49870
49877
49885
49892
49899
49906
49913
49920
49929
49936
49943
49950
49957
49965
49972
49979
49986
49994
50001
50009
50016
50023
50030
50037
50044
50052
50060
50067
50074
50081
50088
50096
50103
50110
50117
50125
50132
50140
50147
50154
50161
50168
50175
50183
50191
50198
50205
50212
50219
50227
50234
50241
50248
50255
50264
50271
50278
50285
50292
50299
50307
50314
50321
50329
50336
50343
50351
50358
50365
50372
50379
50386
50395
50402
50409
50416
50423
50430
50438
50445
50452
50460
50467
50474
50482
50489
50496
50503
50510
50517
50526
50533
50540
50547
50554
50562
50569
50576
50583
50591
50598
50606
50613
50620
50627
50634
50641
50649
50657
50664
50671
50678
50685
50693
50700
50707
50714
50721
50729
50737
50744
50751
50758
50765
50772
50780
50787
50795
50802
50809
50816
50824
50831
50838
50845
50852
50861
50868
50875
50882
50889
50896
50904
50911
50918
50926
50933
50940
50948
50955
50962
50969
50976
50983
50992
50999
51006
51013
51020
51027
51035
51042
51049
51057
51064
51071
51079
51086
51093
51100
51107
51114
51123
51130
51137
51144
51151
51158
51166
51173
51180
51187
51195
51203
51210
51217
51224
51231
51238
51246
51253
51261
51268
51275
51282
51290
51297
51304
51311
51318
51326
51334
51341
51348
51355
51362
51369
51377
51384
51392
51399
51406
51413
51421
51428
51435
51442
51449
51458
51465
51472
51479
51486
51493
51501
51508
51515
51523
51530
51537
51545
51552
51559
51566
51573
51580
51589
51596
51603
51610
51617
51624
51632
51639
51646
51653
51661
51668
51676
51683
51690
51697
51704
51711
51719
51727
51734
51741
51748
51755
51763
51770
51777
51784
51792
51800
51807
51814
51821
51828
51835
51843
51850
51858
51865
51872
51879
51887
51894
51901
51908
51915
51923
51931
51938
51945
51952
51959
51966
51974
51981
51989
51996
52003
52010
52018
52025
52032
52039
52046
52054
52062
52069
52076
52083
52090
52098
52105
52112
52119
52127
52134
52142
52149
52156
52163
52170
52177
52185
52193
52200
52207
52214
52221
52229
52236
52243
52250
52258
52265
52273
52280
52287
52294
52301
52308
52316
52324
52331
52338
52345
52352
52360
52367
52374
52381
52389
52397
52404
52411
52418
52425
52432
52440
52447
52455
52462
52469
52476
52484
52491
52498
52505
52512
52520
52528
52535
52542
52549
52556
52563
52571
52578
52585
52593
52600
52607
52615
52622
52629
52636
52643
52650
52659
52666
52673
52680
52687
52694
52702
52709
52716
52724
52731
52739
52746
52753
52760
52767
52774
52782
52790
52797
52804
52811
52818
52826
52833
52840
52847
52855
52862
52870
52877
52884
52891
52898
52905
52913
52921
52928
52935
52942
52949
52957
52964
52971
52978
52986
52994
53001
53008
53015
53022
53029
53037
53044
53051
53059
53066
53073
53081
53088
53095
53102
53109
53116
53125
53132
53139
53146
53153
53160
53168
53175
53182
53190
53197
53204
53212
53219
53226
53233
53240
53247
53256
53263
53270
53277
53284
53291
53299
53306
53313
53321
53328
53336
53343
53350
53357
53364
53371
53379
53387
53394
53401
53408
53415
53423
53430
53437
53444
53452
53459
53467
53474
53481
53488
53495
53502
53510
53517
53525
53532
53539
53546
53554
53561
53568
53575
53582
53590
53598
53605
53612
53619
53626
53634
53641
53648
53656
53663
53670
53678
53685
53692
53699
53706
53713
53722
53729
53736
53743
53750
53757
53765
53772
53779
53787
53794
53801
53809
53816
53823
53830
53837
53844
53853
53860
53867
53874
53881
53888
53896
53903
53910
53918
53925
53933
53940
53947
53954
53961
53968
53976
53983
53991
53998
54005
54012
54020
54027
54034
54041
54048
54056
54064
54071
54078
54085
54092
54099
54107
54114
54122
54129
54136
54143
54151
54158
54165
54172
54179
54187
54195
54202
54209
54216
54223
54230
54238
54245
54253
54260
54267
54275
54282
54289
54296
54303
54310
54319
54326
54333
54340
54347
54354
54362
54369
54376
54384
54391
54398
54406
54413
54420
54427
54434
54441
54449
54457
54464
54471
54478
54485
54493
54500
54507
54514
54522
54530
54537
54544
54551
54558
54565
54573
54580
54588
54595
54602
54609
54617
54624
54631
54638
54645
54653
54661
54668
54675
54682
54689
54696
54704
54711
54719
54726
54733
54740
54748
54755
54762
54769
54776
54784
54792
54799
54806
54813
54820
54827
54835
54842
54850
54857
54864
54872
54879
54886
54893
54900
54907
54915
54923
54930
54937
54944
54951
54959
54966
54973
54980
54988
54995
55003
55010
55017
55024
55031
55038
55046
55054
55061
55068
55075
55082
55090
55097
55104
55111
55119
55126
55134
55141
55148
55155
55162
55170
55177
55185
55192
55199
55206
55214
55221
55228
55235
55242
55250
55258
55265
55272
55279
55286
55293
55301
55308
55316
55323
55330
55337
55345
55352
55359
55366
55373
55380
55389
55396
55403
55410
55417
55424
55432
55439
55446
55454
55461
55469
55476
55483
55490
55497
55504
55512
55520
55527
55534
55541
55548
55556
55563
55570
55577
55585
55592
55600
55607
55614
55621
55628
55635
55643
55651
55658
55665
55672
55679
55687
55694
55701
55708
55716
55723
55731
55738
55745
55752
55759
55766
55774
55782
55789
55796
55803
55811
55818
55825
55832
55839
55846
55855
55862
55869
55876
55883
55890
55898
55905
55912
55920
55927
55934
55942
55949
55956
55963
55970
55977
55986
55993
56000
56007
56014
56021
56029
56036
56043
56051
56058
56066
56073
56080
56087
56094
56101
56109
56117
56124
56131
56138
56145
56153
56160
56167
56174
56182
56189
56197
56204
56211
56218
56225
56232
56240
56248
56255
56262
56269
56276
56284
56291
56298
56305
56312
56320
56328
56335
56342
56349
56356
56363
56371
56378
56386
56393
56400
56408
56415
56422
56429
56436
56443
56452
56459
56466
56473
56480
56487
56495
56502
56509
56517
56524
56531
56539
56546
56553
56560
56567
56574
56583
56590
56597
56604
56611
56618
56626
56633
56640
56648
56655
56662
56670
56677
56684
56691
56698
56706
56714
56721
56728
56735
56742
56750
56757
56764
56771
56778
56786
56794
56801
56808
56815
56822
56829
56837
56844
56852
56859
56866
56873
56881
56888
56895
56902
56909
56917
56925
56932
56939
56946
56953
56960
56968
56975
56983
56990
56997
57005
57012
57019
57026
57033
57040
57049
57056
57063
57070
57077
57084
57092
57099
57106
57114
57121
57128
57136
57143
57150
57157
57164
57171
57180
57187
57194
57201
57208
57215
57223
57230
57237
57244
57252
57259
57267
57274
57281
57288
57295
57302
57310
57318
57325
57332
57339
57347
57354
57361
57368
57375
57383
57391
57398
57405
57412
57419
57426
57434
57441
57449
57456
57463
57470
57478
57485
57492
57499
57506
57514
57522
57529
57536
57543
57550
57557
57565
57572
57580
57587
57594
57602
57609
57616
57623
57630
57637
57646
57653
57660
57667
57674
57681
57689
57696
57703
57710
57718
57725
57733
57740
57747
57754
57761
57768
57776
57784
57791
57798
57805
57812
57820
57827
57834
57841
57849
57856
57864
57871
57878
57885
57892
57899
57907
57915
57922
57929
57936
57944
57951
57958
57965
57972
57980
57988
57995
58002
58009
58016
58023
58031
58038
58046
58053
58060
58067
58075
58082
58089
58096
58103
58111
58119
58126
58133
58140
58147
58154
58162
58169
58176
58184
58191
58198
58206
58213
58220
58227
58234
58242
58250
58257
58264
58271
58278
58286
58293
58300
58307
58315
58322
58330
58337
58344
58351
58358
58365
58373
58381
58388
58395
58402
58409
58417
58424
58431
58438
58446
58453
58461
58468
58475
58482
58489
58496
58504
58512
58519
58526
58533
58541
58548
58555
58562
58569
58577
58585
58592
58599
58606
58613
58620
58628
58635
58642
58650
58657
58664
58672
58679
58686
58693
58700
58707
58716
58723
58730
58737
58744
58751
58759
58766
58773
58781
58788
58795
58803
58810
58817
58824
58831
58838
58847
58854
58861
58868
58875
58883
58890
58897
58904
58912
58919
58927
58934
58941
58948
58955
58962
58970
58978
58985
58992
58999
59006
59014
59021
59028
59035
59043
59050
59058
59065
59072
59079
59086
59093
59101
59108
59116
59123
59130
59138
59145
59152
59159
59166
59173
59182
59189
59196
59203
59210
59217
59225
59232
59239
59247
59254
59261
59269
59276
59283
59290
59297
59304
59313
59320
59327
59334
59341
59348
59356
59363
59370
59378
59385
59392
59400
59407
59414
59421
59428
59435
59444
59451
59458
59465
59472
59480
59487
59494
59501
59509
59516
59524
59531
59538
59545
59552
59559
59567
59574
59582
59589
59596
59603
59611
59618
59625
59632
59639
59647
59655
59662
59669
59676
59683
59690
59698
59705
59713
59720
59727
59734
59742
59749
59756
59763
59770
59779
59786
59793
59800
59807
59814
59822
59829
59836
59844
59851
59858
59866
59873
59880
59887
59894
59901
59910
59917
59924
59931
59938
59945
59953
59960
59967
59975
59982
59989
59997
60004
60011
60018
60025
60032
60040
60048
60055
60062
60069
60077
60084
60091
60098
60105
60113
60121
60128
60135
60142
60149
60156
60164
60171
60179
60186
60193
60200
60208
60215
60222
60229
60236
60244
60252
60259
60266
60273
60280
60287
60295
60302
60310
60317
60324
60331
60339
60346
60353
60360
60367
60376
60383
60390
60397
60404
60411
60419
60426
60433
60441
60448
60455
60463
60470
60477
60484
60491
60498
60506
60514
60521
60528
60535
60542
60550
60557
60564
60571
60579
60586
60594
60601
60608
60615
60622
60629
60637
60645
60652
60659
60666
60674
60681
60688
60695
60702
60710
60718
60725
60732
60739
60746
60753
60761
60768
60776
60783
60790
60797
60805
60812
60819
60826
60833
60841
60849
60856
60863
60870
60877
60884
60892
60899
60907
60914
60921
60928
60936
60943
60950
60957
60964
60971
60980
60987
60994
61001
61008
61016
61023
61030
61037
61045
61052
61060
61067
61074
61081
61088
61095
61103
61111
61118
61125
61132
61139
61147
61154
61161
61168
61176
61183
61191
61198
61205
61212
61219
61226
61234
61242
61249
61256
61263
61270
61278
61285
61292
61299
61307
61315
61322
61329
61336
61343
61350
61358
61365
61373
61380
61387
61394
61402
61409
61416
61423
61430
61437
61446
61453
61460
61467
61474
61481
61489
61496
61503
61511
61518
61525
61533
61540
61547
61554
61561
61568
61577
61584
61591
61598
61605
61613
61620
61627
61634
61642
61649
61657
61664
61671
61678
61685
61692
61700
61708
61715
61722
61729
61736
61744
61751
61758
61765
61773
61780
61788
61795
61802
61809
61816
61823
61831
61839
61846
61853
61860
61867
61875
61882
61889
61896
61903
61912
61919
61926
61933
61940
61947
61955
61962
61969
61977
61984
61991
61999
62006
62013
62020
62027
62034
62043
62050
62057
62064
62071
62078
62086
62093
62100
62108
62115
62122
62130
62137
62144
62151
62158
62165
62174
62181
62188
62195
62202
62210
62217
62224
62231
62239
62246
62254
62261
62268
62275
62282
62289
62297
62305
62312
62319
62326
62333
62341
62348
62355
62362
62369
62377
62385
62392
62399
62406
62413
62420
62428
62435
62443
62450
62457
62464
62472
62479
62486
62493
62500
62509
62516
62523
62530
62537
62544
62552
62559
62566
62574
62581
62588
62596
62603
62610
62617
62624
62631
62640
62647
62654
62661
62668
62675
62683
62690
62697
62705
62712
62719
62727
62734
62741
62748
62755
62762
62771
62778
62785
62792
62799
62806
62814
62821
62828
62835
62843
62851
62858
62865
62872
62879
62886
62894
62901
62909
62916
62923
62930
62938
62945
62952
62959
62966
62974
62982
62989
62996
63003
63010
63017
63025
63032
63040
63047
63054
63061
63069
63076
63083
63090
63097
63106
63113
63120
63127
63134
63141
63149
63156
63163
63171
63178
63185
63193
63200
63207
63214
63221
63228
63237
63244
63251
63258
63265
63272
63280
63287
63294
63301
63309
63316
63324
63331
63338
63345
63352
63359
63367
63375
63382
63389
63396
63403
63411
63418
63425
63432
63440
63448
63455
63462
63469
63476
63483
63491
63498
63506
63513
63520
63527
63535
63542
63549
63556
63563
63571
63579
63586
63593
63600
63607
63614
63622
63629
63637
63644
63651
63658
63666
63673
63680
63687
63694
63702
63710
63717
63724
63731
63738
63746
63753
63760
63767
63775
63782
63790
63797
63804
63811
63818
63825
63833
63841
63848
63855
63862
63869
63877
63884
63891
63898
63906
63913
63921
63928
63935
63942
63949
63956
63964
63972
63979
63986
63993
64000
64008
64015
64022
64029
64037
64045
64052
64059
64066
64073
64080
64088
64095
64103
64110
64117
64124
64132
64139
64146
64153
64160
64168
64176
64183
64190
64197
64204
64211
64219
64226
64233
64241
64248
64255
64263
64270
64277
64284
64291
64298
64307
64314
64321
64328
64335
64342
64350
64357
64364
64372
64379
64387
64394
64401
64408
64415
64422
64430
64438
64445
64452
64459
64466
64474
64481
64488
64495
64503
64510
64518
64525
64532
64539
64546
64553
64561
64569
64576
64583
64590
64597
64605
64612
64619
64626
64634
64642
64649
64656
64663
64670
64677
64685
64692
64699
64707
64714
64721
64729
64736
64743
64750
64757
64764
64773
64780
64787
64794
64801
64808
64816
64823
64830
64838
64845
64852
64860
64867
64874
64881
64888
64895
64904
64911
64918
64925
64932
64939
64947
64954
64961
64969
64976
64984
64991
64998
65005
65012
65019
65027
65035
65042
65049
65056
65063
65071
65078
65085
65092
65100
65107
65115
65122
65129
65136
65143
65150
65158
65165
65173
65180
65187
65194
65202
65209
65216
65223
65230
65238
65246
65253
65260
65267
65274
65282
65289
65296
65304
65311
65318
65326
65333
65340
65347
65354
65361
65370
65377
65384
65391
65398
65405
65413
65420
65427
65435
65442
65449
65457
65464
65471
65478
65485
65492
65501
65508
65515
65522
65529
65536
65544
65551
65558
65566
65573
65581
65588
65595
65602
65609
65616
65624
65631
65639
65646
65653
65660
65668
65675
65682
65689
65696
65704
65712
65719
65726
65733
65740
65747
65755
65762
65770
65777
65784
65791
65799
65806
65813
65820
65827
65835
65843
65850
65857
65864
65871
65878
65886
65893
65901
65908
65915
65923
65930
65937
65944
65951
65958
65967
65974
65981
65988
65995
66002
66010
66017
66024
66032
66039
66046
66054
66061
66068
66075
66082
66089
66097
66105
66112
66119
66126
66133
66141
66148
66155
66162
66170
66178
66185
66192
66199
66206
66213
66221
66228
66236
66243
66250
66257
66265
66272
66279
66286
66293
66301
66309
66316
66323
66330
66337
66344
66352
66359
66367
66374
66381
66388
66396
66403
66410
66417
66424
66432
66440
66447
66454
66461
66468
66475
66483
66490
66498
66505
66512
66520
66527
66534
66541
66548
66555
66563
66571
66578
66585
66592
66599
66607
66614
66621
66628
66636
66643
66651
66658
66665
66672
66679
66686
66694
66702
66709
66716
66723
66730
66738
66745
66752
66759
66767
66774
66782
66789
66796
66803
66810
66818
66825
66833
66840
66847
66854
66862
66869
66876
66883
66890
66898
66906
66913
66920
66927
66934
66941
66949
66956
66964
66971
66978
66985
66993
67000
67007
67014
67021
67028
67037
67044
67051
67058
67065
67072
67080
67087
67094
67102
67109
67117
67124
67131
67138
67145
67152
67160
67168
67175
67182
67189
67196
67204
67211
67218
67225
67233
67240
67248
67255
67262
67269
67276
67283
67291
67299
67306
67313
67320
67327
67335
67342
67349
67356
67364
67371
67379
67386
67393
67400
67407
67414
67422
67430
67437
67444
67451
67459
67466
67473
67480
67487
67494
67503
67510
67517
67524
67531
67538
67546
67553
67560
67568
67575
67582
67590
67597
67604
67611
67618
67625
67634
67641
67648
67655
67662
67669
67677
67684
67691
67699
67706
67714
67721
67728
67735
67742
67749
67757
67765
67772
67779
67786
67793
67801
67808
67815
67822
67830
67837
67845
67852
67859
67866
67873
67880
67888
67896
67903
67910
67917
67924
67932
67939
67946
67953
67960
67968
67976
67983
67990
67997
68004
68011
68019
68026
68034
68041
68048
68056
68063
68070
68077
68084
68091
68100
68107
68114
68121
68128
68135
68143
68150
68157
68165
68172
68179
68187
68194
68201
68208
68215
68222
68231
68238
68245
68252
68259
68266
68274
68281
68288
68296
68303
68310
68318
68325
68332
68339
68346
68354
68362
68369
68376
68383
68390
68398
68405
68412
68419
68426
68434
68442
68449
68456
68463
68470
68477
68485
68492
68500
68507
68514
68521
68529
68536
68543
68550
68557
68565
68573
68580
68587
68594
68601
68608
68616
68623
68631
68638
68645
68653
68660
68667
68674
68681
68688
68697
68704
68711
68718
68725
68732
68740
68747
68754
68762
68769
68776
68784
68791
68798
68805
68812
68819
68828
68835
68842
68849
68856
68863
68871
68878
68885
68892
68900
68907
68915
68922
68929
68936
68943
68950
68958
68966
68973
68980
68987
68995
69002
69009
69016
69023
69031
69039
69046
69053
69060
69067
69074
69082
69089
69097
69104
69111
69118
69126
69133
69140
69147
69154
69162
69170
69177
69184
69191
69198
69205
69213
69220
69228
69235
69242
69250
69257
69264
69271
69278
69285
69294
69301
69308
69315
69322
69329
69337
69344
69351
69358
69366
69373
69381
69388
69395
69402
69409
69416
69424
69432
69439
69446
69453
69460
69468
69475
69482
69489
69497
69504
69512
69519
69526
69533
69540
69547
69555
69563
69570
69577
69584
69592
69599
69606
69613
69620
69628
69636
69643
69650
69657
69664
69671
69679
69686
69694
69701
69708
69715
69723
69730
69737
69744
69751
69759
69767
69774
69781
69788
69795
69802
69810
69817
69824
69832
69839
69846
69854
69861
69868
69875
69882
69890
69898
69905
69912
69919
69926
69934
69941
69948
69955
69963
69970
69978
69985
69992
69999
70006
70013
70021
70029
70036
70043
70050
70057
70065
70072
70079
70086
70094
70101
70109
70116
70123
70130
70137
70144
70152
70160
70167
70174
70181
70189
70196
70203
70210
70217
70225
70233
70240
70247
70254
70261
70268
70276
70283
70290
70298
70305
70312
70320
70327
70334
70341
70348
70355
70364
70371
70378
70385
70392
70399
70407
70414
70421
70429
70436
70443
70451
70458
70465
70472
70479
70486
70495
70502
70509
70516
70523
70531
70538
70545
70552
70560
70567
70575
70582
70589
70596
70603
70610
70618
70626
70633
70640
70647
70654
70662
70669
70676
70683
70691
70698
70706
70713
70720
70727
70734
70741
70749
70756
70764
70771
70778
70786
70793
70800
70807
70814
70821
70830
70837
70844
70851
70858
70865
70873
70880
70887
70895
70902
70909
70917
70924
70931
70938
70945
70952
70961
70968
70975
70982
70989
70996
71004
71011
71018
71026
71033
71040
71048
71055
71062
71069
71076
71083
71092
71099
71106
71113
71120
71128
71135
71142
71149
71157
71164
71172
71179
71186
71193
71200
71207
71215
71222
71230
71237
71244
71251
71259
71266
71273
71280
71287
71295
71303
71310
71317
71324
71331
71338
71346
71353
71361
71368
71375
71382
71390
71397
71404
71411
71418
71427
71434
71441
71448
71455
71462
71470
71477
71484
71492
71499
71506
71514
71521
71528
71535
71542
71549
71558
71565
71572
71579
71586
71593
71601
71608
71615
71623
71630
71637
71645
71652
71659
71666
71673
71680
71688
71696
71703
71710
71717
71725
71732
71739
71746
71753
71761
71769
71776
71783
71790
71797
71804
71812
71819
71827
71834
71841
71848
71856
71863
71870
71877
71884
71892
71900
71907
71914
71921
71928
71935
71943
71950
71958
71965
71972
71979
71987
71994
72001
72008
72015
72024
72031
72038
72045
72052
72059
72067
72074
72081
72089
72096
72103
72111
72118
72125
72132
72139
72146
72154
72162
72169
72176
72183
72190
72198
72205
72212
72219
72227
72234
72242
72249
72256
72263
72270
72277
72285
72293
72300
72307
72314
72322
72329
72336
72343
72350
72358
72366
72373
72380
72387
72394
72401
72409
72416
72424
72431
72438
72445
72453
72460
72467
72474
72481
72489
72497
72504
72511
72518
72525
72532
72540
72547
72555
72562
72569
72576
72584
72591
72598
72605
72612
72619
72628
72635
72642
72649
72656
72664
72671
72678
72685
72693
72700
72708
72715
72722
72729
72736
72743
72751
72759
72766
72773
72780
72787
72795
72802
72809
72816
72824
72831
72839
72846
72853
72860
72867
72874
72882
72890
72897
72904
72911
72918
72926
72933
72940
72947
72955
72963
72970
72977
72984
72991
72998
73006
73013
73021
73028
73035
73042
73050
73057
73064
73071
73078
73085
73094
73101
73108
73115
73122
73129
73137
73144
73151
73159
73166
73173
73181
73188
73195
73202
73209
73216
73225
73232
73239
73246
73253
73261
73268
73275
73282
73290
73297
73305
73312
73319
73326
73333
73340
73348
73356
73363
73370
73377
73384
73392
73399
73406
73413
73421
73428
73436
73443
73450
73457
73464
73471
73479
73487
73494
73501
73508
73515
73523
73530
73537
73544
73551
73560
73567
73574
73581
73588
73595
73603
73610
73617
73625
73632
73639
73647
73654
73661
73668
73675
73682
73691
73698
73705
73712
73719
73726
73734
73741
73748
73756
73763
73770
73778
73785
73792
73799
73806
73813
73822
73829
73836
73843
73850
73858
73865
73872
73879
73887
73894
73902
73909
73916
73923
73930
73937
73945
73953
73960
73967
73974
73981
73989
73996
74003
74010
74017
74025
74033
74040
74047
74054
74061
74068
74076
74083
74091
74098
74105
74112
74120
74127
74134
74141
74148
74157
74164
74171
74178
74185
74192
74200
74207
74214
74222
74229
74236
74244
74251
74258
74265
74272
74279
74288
74295
74302
74309
74316
74323
74331
74338
74345
74353
74360
74367
74375
74382
74389
74396
74403
74410
74419
74426
74433
74440
74447
74454
74462
74469
74476
74483
74491
74499
74506
74513
74520
74527
74534
74542
74549
74557
74564
74571
74578
74586
74593
74600
74607
74614
74622
74630
74637
74644
74651
74658
74665
74673
74680
74688
74695
74702
74709
74717
74724
74731
74738
74745
74754
74761
74768
74775
74782
74789
74797
74804
74811
74819
74826
74833
74841
74848
74855
74862
74869
74876
74885
74892
74899
74906
74913
74920
74928
74935
74942
74949
74957
74964
74972
74979
74986
74993
75000
75007
75015
75023
75030
75037
75044
75051
75059
75066
75073
75080
75088
75096
75103
75110
75117
75124
75131
75139
75146
75154
75161
75168
75175
75183
75190
75197
75204
75211
75219
75227
75234
75241
75248
75255
75262
75270
75277
75285
75292
75299
75306
75314
75321
75328
75335
75342
75350
75358
75365
75372
75379
75386
75394
75401
75408
75415
75423
75430
75438
75445
75452
75459
75466
75473
75481
75489
75496
75503
75510
75517
75525
75532
75539
75546
75554
75561
75569
75576
75583
75590
75597
75604
75612
75620
75627
75634
75641
75648
75656
75663
75670
75677
75685
75693
75700
75707
75714
75721
75728
75736
75743
75751
75758
75765
75772
75780
75787
75794
75801
75808
75816
75824
75831
75838
75845
75852
75859
75867
75874
75881
75889
75896
75903
75911
75918
75925
75932
75939
75946
75955
75962
75969
75976
75983
75990
75998
76005
76012
76020
76027
76035
76042
76049
76056
76063
76070
76078
76086
76093
76100
76107
76114
76122
76129
76136
76143
76151
76158
76166
76173
76180
76187
76194
76201
76209
76217
76224
76231
76238
76245
76253
76260
76267
76274
76282
76290
76297
76304
76311
76318
76325
76333
76340
76347
76355
76362
76369
76377
76384
76391
76398
76405
76412
76421
76428
76435
76442
76449
76456
76464
76471
76478
76486
76493
76500
76508
76515
76522
76529
76536
76543
76552
76559
76566
76573
76580
76587
76595
76602
76609
76617
76624
76632
76639
76646
76653
76660
76667
76675
76683
76690
76697
76704
76711
76719
76726
76733
76740
76748
76755
76763
76770
76777
76784
76791
76798
76806
76813
76821
76828
76835
76842
76850
76857
76864
76871
76878
76886
76894
76901
76908
76915
76922
76930
76937
76944
76952
76959
76966
76974
76981
76988
76995
77002
77009
77018
77025
77032
77039
77046
77053
77061
77068
77075
77083
77090
77097
77105
77112
77119
77126
77133
77140
77149
77156
77163
77170
77177
77184
77192
77199
77206
77214
77221
77229
77236
77243
77250
77257
77264
77272
77279
77287
77294
77301
77308
77316
77323
77330
77337
77344
77352
77360
77367
77374
77381
77388
77395
77403
77410
77418
77425
77432
77439
77447
77454
77461
77468
77475
77483
77491
77498
77505
77512
77519
77526
77534
77541
77549
77556
77563
77571
77578
77585
77592
77599
77606
77615
77622
77629
77636
77643
77650
77658
77665
77672
77680
77687
77694
77702
77709
77716
77723
77730
77737
77745
77753
77760
77767
77774
77781
77789
77796
77803
77810
77818
77826
77833
77840
77847
77854
77861
77869
77876
77884
77891
77898
77905
77913
77920
77927
77934
77941
77949
77957
77964
77971
77978
77985
77992
78000
78007
78015
78022
78029
78036
78044
78051
78058
78065
78072
78080
78088
78095
78102
78109
78116
78123
78131
78138
78146
78153
78160
78168
78175
78182
78189
78196
78203
78211
78219
78226
78233
78240
78247
78255
78262
78269
78276
78284
78291
78299
78306
78313
78320
78327
78334
78342
78350
78357
78364
78371
78378
78386
78393
78400
78407
78415
78422
78430
78437
78444
78451
78458
78466
78473
78481
78488
78495
78502
78510
78517
78524
78531
78538
78546
78554
78561
78568
78575
78582
78589
78597
78604
78612
78619
78626
78633
78641
78648
78655
78662
78669
78676
78685
78692
78699
78706
78713
78720
78728
78735
78742
78750
78757
78765
78772
78779
78786
78793
78800
78808
78816
78823
78830
78837
78844
78852
78859
78866
78873
78881
78888
78896
78903
78910
78917
78924
78931
78939
78947
78954
78961
78968
78975
78983
78990
78997
79004
79012
79019
79027
79034
79041
79048
79055
79062
79070
79078
79085
79092
79099
79107
79114
79121
79128
79135
79142
79151
79158
79165
79172
79179
79186
79194
79201
79208
79216
79223
79230
79238
79245
79252
79259
79266
79273
79282
79289
79296
79303
79310
79317
79325
79332
79339
79347
79354
79362
79369
79376
79383
79390
79397
79405
79413
79420
79427
79434
79441
79449
79456
79463
79470
79478
79485
79493
79500
79507
79514
79521
79528
79536
79544
79551
79558
79565
79572
79580
79587
79594
79601
79608
79616
79624
79631
79638
79645
79652
79659
79667
79674
79682
79689
79696
79704
79711
79718
79725
79732
79739
79748
79755
79762
79769
79776
79783
79791
79798
79805
79813
79820
79827
79835
79842
79849
79856
79863
79870
79879
79886
79893
79900
79907
79914
79922
79929
79936
79944
79951
79958
79966
79973
79980
79987
79994
80002
80010
80017
80024
80031
80038
80046
80053
80060
80067
80074
80082
80090
80097
80104
80111
80118
80125
80133
80140
80148
80155
80162
80169
80177
80184
80191
80198
80205
80213
80221
80228
80235
80242
80249
80256
80264
80271
80279
80286
80293
80301
80308
80315
80322
80329
80336
80345
80352
80359
80366
80373
80380
80388
80395
80402
80410
80417
80424
80432
80439
80446
80453
80460
80467
80476
80483
80490
80497
80504
80511
80519
80526
80533
80540
80548
80555
80563
80570
80577
80584
80591
80598
80606
80614
80621
80628
80635
80643
80650
80657
80664
80671
80679
80687
80694
80701
80708
80715
80722
80730
80737
80745
80752
80759
80766
80774
80781
80788
80795
80802
80810
80818
80825
80832
80839
80846
80853
80861
80868
80876
80883
80890
80898
80905
80912
80919
80926
80933
80942
80949
80956
80963
80970
80977
80985
80992
80999
81006
81014
81021
81029
81036
81043
81050
81057
81064
81072
81080
81087
81094
81101
81108
81116
81123
81130
81137
81145
81152
81160
81167
81174
81181
81188
81195
81203
81211
81218
81225
81232
81240
81247
81254
81261
81268
81276
81284
81291
81298
81305
81312
81319
81327
81334
81342
81349
81356
81363
81371
81378
81385
81392
81399
81407
81415
81422
81429
81436
81443
81450
81458
81465
81472
81480
81487
81494
81502
81509
81516
81523
81530
81538
81546
81553
81560
81567
81574
81582
81589
81596
81603
81611
81618
81626
81633
81640
81647
81654
81661
81669
81677
81684
81691
81698
81705
81713
81720
81727
81734
81742
81749
81757
81764
81771
81778
81785
81792
81800
81808
81815
81822
81829
81837
81844
81851
81858
81865
81873
81881
81888
81895
81902
81909
81916
81924
81931
81938
81946
81953
81960
81968
81975
81982
81989
81996
82003
82012
82019
82026
82033
82040
82047
82055
82062
82069
82077
82084
82091
82099
82106
82113
82120
82127
82134
82143
82150
82157
82164
82171
82179
82186
82193
82200
82208
82215
82223
82230
82237
82244
82251
82258
82266
82274
82281
82288
82295
82302
82310
82317
82324
82331
82339
82346
82354
82361
82368
82375
82382
82389
82397
82404
82412
82419
82426
82434
82441
82448
82455
82462
82469
82478
82485
82492
82499
82506
82513
82521
82528
82535
82543
82550
82557
82565
82572
82579
82586
82593
82600
82609
82616
82623
82630
82637
82644
82652
82659
82666
82674
82681
82688
82696
82703
82710
82717
82724
82731
82740
82747
82754
82761
82768
82776
82783
82790
82797
82805
82812
82820
82827
82834
82841
82848
82855
82863
82870
82878
82885
82892
82899
82907
82914
82921
82928
82935
82943
82951
82958
82965
82972
82979
82986
82994
83001
83009
83016
83023
83030
83038
83045
83052
83059
83066
83075
83082
83089
83096
83103
83110
83118
83125
83132
83140
83147
83154
83162
83169
83176
83183
83190
83197
83206
83213
83220
83227
83234
83241
83249
83256
83263
83271
83278
83285
83293
83300
83307
83314
83321
83328
83336
83344
83351
83358
83365
83373
83380
83387
83394
83401
83409
83417
83424
83431
83438
83445
83452
83460
83467
83475
83482
83489
83496
83504
83511
83518
83525
83532
83540
83548
83555
83562
83569
83576
83583
83591
83598
83606
83613
83620
83627
83635
83642
83649
83656
83663
83672
83679
83686
83693
83700
83707
83715
83722
83729
83737
83744
83751
83759
83766
83773
83780
83787
83794
83802
83810
83817
83824
83831
83838
83846
83853
83860
83867
83875
83882
83890
83897
83904
83911
83918
83925
83933
83941
83948
83955
83962
83970
83977
83984
83991
83998
84006
84014
84021
84028
84035
84042
84049
84057
84064
84072
84079
84086
84093
84101
84108
84115
84122
84129
84137
84145
84152
84159
84166
84173
84180
84188
84195
84203
84210
84217
84224
84232
84239
84246
84253
84260
84267
84276
84283
84290
84297
84304
84312
84319
84326
84333
84341
84348
84356
84363
84370
84377
84384
84391
84399
84407
84414
84421
84428
84435
84443
84450
84457
84464
84472
84479
84487
84494
84501
84508
84515
84522
84530
84538
84545
84552
84559
84566
84574
84581
84588
84595
84603
84611
84618
84625
84632
84639
84646
84654
84661
84669
84676
84683
84690
84698
84705
84712
84719
84726
84733
84742
84749
84756
84763
84770
84777
84785
84792
84799
84807
84814
84821
84829
84836
84843
84850
84857
84864
84873
84880
84887
84894
84901
84909
84916
84923
84930
84938
84945
84953
84960
84967
84974
84981
84988
84996
85004
85011
85018
85025
85032
85040
85047
85054
85061
85069
85076
85084
85091
85098
85105
85112
85119
85127
85135
85142
85149
85156
85163
85171
85178
85185
85192
85199
85208
85215
85222
85229
85236
85243
85251
85258
85265
85273
85280
85287
85295
85302
85309
85316
85323
85330
85339
85346
85353
85360
85367
85374
85382
85389
85396
85404
85411
85418
85426
85433
85440
85447
85454
85461
85470
85477
85484
85491
85498
85506
85513
85520
85527
85535
85542
85550
85557
85564
85571
85578
85585
85593
85601
85608
85615
85622
85629
85637
85644
85651
85658
85665
85673
85681
85688
85695
85702
85709
85716
85724
85731
85739
85746
85753
85760
85768
85775
85782
85789
85796
85805
85812
85819
85826
85833
85840
85848
85855
85862
85870
85877
85884
85892
85899
85906
85913
85920
85927
85936
85943
85950
85957
85964
85971
85979
85986
85993
86001
86008
86015
86023
86030
86037
86044
86051
86058
86067
86074
86081
86088
86095
86102
86110
86117
86124
86131
86139
86147
86154
86161
86168
86175
86182
86190
86197
86205
86212
86219
86226
86234
86241
86248
86255
86262
86270
86278
86285
86292
86299
86306
86313
86321
86328
86336
86343
86350
86357
86365
86372
86379
86386
86393
86402
86409
86416
86423
86430
86437
86445
86452
86459
86467
86474
86481
86489
86496
86503
86510
86517
86524
86533
86540
86547
86554
86561
86568
86576
86583
86590
86597
86605
86612
86620
86627
86634
86641
86648
86655
86663
86671
86678
86685
86692
86699
86707
86714
86721
86728
86736
86744
86751
86758
86765
86772
86779
86787
86794
86802
86809
86816
86823
86831
86838
86845
86852
86859
86867
86875
86882
86889
86896
86903
86910
86918
86925
86933
86940
86947
86954
86962
86969
86976
86983
86990
86998
87006
87013
87020
87027
87034
87042
87049
87056
87063
87071
87078
87086
87093
87100
87107
87114
87121
87129
87137
87144
87151
87158
87165
87173
87180
87187
87194
87202
87209
87217
87224
87231
87238
87245
87252
87260
87268
87275
87282
87289
87296
87304
87311
87318
87325
87333
87341
87348
87355
87362
87369
87376
87384
87391
87399
87406
87413
87420
87428
87435
87442
87449
87456
87464
87472
87479
87486
87493
87500
87507
87515
87522
87529
87537
87544
87551
87559
87566
87573
87580
87587
87594
87603
87610
87617
87624
87631
87638
87646
87653
87660
87668
87675
87683
87690
87697
87704
87711
87718
87726
87734
87741
87748
87755
87762
87770
87777
87784
87791
87799
87806
87814
87821
87828
87835
87842
87849
87857
87865
87872
87879
87886
87893
87901
87908
87915
87922
87930
87938
87945
87952
87959
87966
87973
87981
87988
87995
88003
88010
88017
88025
88032
88039
88046
88053
88060
88069
88076
88083
88090
88097
88104
88112
88119
88126
88134
88141
88148
88156
88163
88170
88177
88184
88191
88200
88207
88214
88221
88228
88235
88243
88250
88257
88265
88272
88280
88287
88294
88301
88308
88315
88323
88331
88338
88345
88352
88359
88367
88374
88381
88388
88396
88403
88411
88418
88425
88432
88439
88446
88454
88461
88469
88476
88483
88490
88498
88505
88512
88519
88526
88534
88542
88549
88556
88563
88570
88578
88585
88592
88600
88607
88614
88622
88629
88636
88643
88650
88657
88666
88673
88680
88687
88694
88701
88709
88716
88723
88731
88738
88745
88753
88760
88767
88774
88781
88788
88797
88804
88811
88818
88825
88832
88840
88847
88854
88862
88869
88877
88884
88891
88898
88905
88912
88920
88927
88935
88942
88949
88956
88964
88971
88978
88985
88992
89000
89008
89015
89022
89029
89036
89043
89051
89058
89066
89073
89080
89087
89095
89102
89109
89116
89123
89131
89139
89146
89153
89160
89167
89174
89182
89189
89197
89204
89211
89219
89226
89233
89240
89247
89254
89263
89270
89277
89284
89291
89298
89306
89313
89320
89328
89335
89342
89350
89357
89364
89371
89378
89385
89393
89401
89408
89415
89422
89429
89437
89444
89451
89458
89466
89474
89481
89488
89495
89502
89509
89517
89524
89532
89539
89546
89553
89561
89568
89575
89582
89589
89597
89605
89612
89619
89626
89633
89640
89648
89655
89663
89670
89677
89684
89692
89699
89706
89713
89720
89728
89736
89743
89750
89757
89764
89771
89779
89786
89794
89801
89808
89816
89823
89830
89837
89844
89851
89859
89867
89874
89881
89888
89895
89903
89910
89917
89924
89932
89939
89947
89954
89961
89968
89975
89982
89990
89998
90005
90012
90019
90026
90034
90041
90048
90055
90063
90070
90078
90085
90092
90099
90106
90114
90121
90129
90136
90143
90150
90158
90165
90172
90179
90186
90194
90202
90209
90216
90223
90230
90237
90245
90252
90260
90267
90274
90281
90289
90296
90303
90310
90317
90324
90333
90340
90347
90354
90361
90368
90376
90383
90390
90398
90405
90413
90420
90427
90434
90441
90448
90456
90464
90471
90478
90485
90492
90500
90507
90514
90521
90529
90536
90544
90551
90558
90565
90572
90579
90587
90595
90602
90609
90616
90623
90631
90638
90645
90652
90660
90667
90675
90682
90689
90696
90703
90710
90718
90726
90733
90740
90747
90755
90762
90769
90776
90783
90790
90799
90806
90813
90820
90827
90834
90842
90849
90856
90864
90871
90878
90886
90893
90900
90907
90914
90921
90930
90937
90944
90951
90958
90965
90973
90980
90987
90995
91002
91010
91017
91024
91031
91038
91045
91053
91061
91068
91075
91082
91089
91097
91104
91111
91118
91126
91133
91141
91148
91155
91162
91169
91176
91184
91192
91199
91206
91213
91220
91228
91235
91242
91249
91256
91264
91272
91279
91286
91293
91300
91307
91315
91322
91330
91337
91344
91352
91359
91366
91373
91380
91387
91396
91403
91410
91417
91424
91431
91439
91446
91453
91461
91468
91475
91483
91490
91497
91504
91511
91518
91527
91534
91541
91548
91555
91562
91570
91577
91584
91592
91599
91606
91614
91621
91628
91635
91642
91650
91658
91665
91672
91679
91686
91694
91701
91708
91715
91722
91730
91738
91745
91752
91759
91766
91773
91781
91788
91796
91803
91810
91817
91825
91832
91839
91846
91853
91861
91869
91876
91883
91890
91897
91904
91912
91919
91927
91934
91941
91949
91956
91963
91970
91977
91984
91993
92000
92007
92014
92021
92028
92036
92043
92050
92058
92065
92072
92080
92087
92094
92101
92108
92115
92124
92131
92138
92145
92152
92159
92167
92174
92181
92188
92196
92203
92211
92218
92225
92232
92239
92246
92254
92262
92269
92276
92283
92291
92298
92305
92312
92319
92327
92335
92342
92349
92356
92363
92370
92378
92385
92393
92400
92407
92414
92422
92429
92436
92443
92450
92458
92466
92473
92480
92487
92494
92501
92509
92516
92524
92531
92538
92546
92553
92560
92567
92574
92581
92590
92597
92604
92611
92618
92625
92633
92640
92647
92654
92662
92669
92677
92684
92691
92698
92705
92712
92720
92728
92735
92742
92749
92756
92764
92771
92778
92785
92793
92800
92808
92815
92822
92829
92836
92843
92851
92859
92866
92873
92880
92888
92895
92902
92909
92916
92924
92932
92939
92946
92953
92960
92967
92975
92982
92990
92997
93004
93011
93019
93026
93033
93040
93047
93055
93063
93070
93077
93084
93091
93098
93106
93113
93120
93128
93135
93142
93150
93157
93164
93171
93178
93186
93194
93201
93208
93215
93222
93230
93237
93244
93251
93259
93266
93274
93281
93288
93295
93302
93309
93317
93325
93332
93339
93346
93353
93361
93368
93375
93382
93390
93397
93405
93412
93419
93426
93433
93440
93448
93456
93463
93470
93477
93485
93492
93499
93506
93513
93521
93529
93536
93543
93550
93557
93564
93572
93579
93586
93594
93601
93608
93616
93623
93630
93637
93644
93651
93660
93667
93674
93681
93688
93695
93703
93710
93717
93725
93732
93739
93747
93754
93761
93768
93775
93782
93791
93798
93805
93812
93819
93827
93834
93841
93848
93856
93863
93871
93878
93885
93892
93899
93906
93914
93922
93929
93936
93943
93950
93958
93965
93972
93979
93987
93994
94002
94009
94016
94023
94030
94037
94045
94052
94060
94067
94074
94082
94089
94096
94103
94110
94117
94126
94133
94140
94147
94154
94161
94169
94176
94183
94191
94198
94205
94213
94220
94227
94234
94241
94248
94257
94264
94271
94278
94285
94292
94300
94307
94314
94322
94329
94336
94344
94351
94358
94365
94372
94379
94388
94395
94402
94409
94416
94424
94431
94438
94445
94453
94460
94468
94475
94482
94489
94496
94503
94511
94518
94526
94533
94540
94547
94555
94562
94569
94576
94583
94591
94599
94606
94613
94620
94627
94634
94642
94649
94657
94664
94671
94678
94686
94693
94700
94707
94714
94723
94730
94737
94744
94751
94758
94766
94773
94780
94788
94795
94802
94810
94817
94824
94831
94838
94845
94854
94861
94868
94875
94882
94889
94897
94904
94911
94919
94926
94933
94941
94948
94955
94962
94969
94976
94984
94992
94999
95006
95013
95021
95028
95035
95042
95049
95057
95065
95072
95079
95086
95093
95100
95108
95115
95123
95130
95137
95144
95152
95159
95166
95173
95180
95188
95196
95203
95210
95217
95224
95231
95239
95246
95254
95261
95268
95275
95283
95290
95297
95304
95311
95320
95327
95334
95341
95348
95355
95363
95370
95377
95385
95392
95399
95407
95414
95421
95428
95435
95442
95450
95458
95465
95472
95479
95486
95494
95501
95508
95515
95523
95530
95538
95545
95552
95559
95566
95573
95581
95589
95596
95603
95610
95618
95625
95632
95639
95646
95654
95662
95669
95676
95683
95690
95697
95705
95712
95720
95727
95734
95741
95749
95756
95763
95770
95777
95785
95793
95800
95807
95814
95821
95828
95836
95843
95851
95858
95865
95872
95880
95887
95894
95901
95908
95915
95924
95931
95938
95945
95952
95960
95967
95974
95981
95989
95996
96004
96011
96018
96025
96032
96039
96047
96055
96062
96069
96076
96083
96091
96098
96105
96112
96120
96127
96135
96142
96149
96156
96163
96170
96178
96186
96193
96200
96207
96214
96222
96229
96236
96243
96251
96259
96266
96273
96280
96287
96294
96302
96309
96317
96324
96331
96338
96346
96353
96360
96367
96374
96381
96390
96397
96404
96411
96418
96425
96433
96440
96447
96455
96462
96469
96477
96484
96491
96498
96505
96512
96521
96528
96535
96542
96549
96557
96564
96571
96578